# Created by Octave 4.0.3, Sun Mar 19 17:24:34 2017 PDT <davis@davis-Inspiron-15-7579>
# name: P1
# type: matrix
# rows: 30
# columns: 2
 81.79032258064512 20.38709677419351
 52.29723502304142 1.032258064516078
 53.21889400921654 41.58525345622115
 62.43548387096769 80.294930875576
 67.96543778801839 125.4562211981567
 92.85023041474651 154.9493087557604
 98.38018433179718 214.8571428571429
 83.63364055299536 226.8387096774194
 102.0668202764977 243.4285714285714
 123.2649769585253 241.5852534562212
 139.8548387096774 190.8940092165899
 167.5046082949308 212.0921658986175
 162.8963133640553 223.1520737327189
 181.3294930875576 238.8202764976959
 242.1589861751152 236.0552995391705
 250.4539170506912 221.3087557603687
 325.1082949308756 232.3686635944701
 390.5460829493088 249.8801843317973
 401.6059907834102 236.9769585253456
 398.8410138248848 236.0552995391705
 334.3248847926267 219.4654377880184
 268.8870967741935 204.7188940092166
 244.0023041474655 166.9308755760369
 178.5645161290322 84.90322580645159
 138.0115207373271 77.52995391705065
 110.3617511520737 65.54838709677416
 115.8917050691244 2.875576036866313
 81.79032258064512 20.38709677419351
 81.79032258064512 20.38709677419351
 81.79032258064512 20.38709677419351


