# Created by Octave 4.0.3, Sun Mar 19 17:19:23 2017 PDT <davis@davis-Inspiron-15-7579>
# name: P1
# type: matrix
# rows: 30
# columns: 2
 190.4646984247264 384.7541130524751
 169.5562566486454 384.7541130524751
 136.3487314748699 372.4550296547804
 95.76175626247755 317.1091543651545
 87.15239788409133 296.2007125890736
 73.62340614662719 274.0623624732232
 67.47386444777987 261.7632790755285
 60.09441440916308 243.3146539789866
 41.6457893126211 212.56694548475
 52.71496437054628 160.9107952144325
 49.0252393512379 141.232261778121
 56.40468938985467 112.9443699634233
 68.70377278754933 94.49574486688135
 69.93368112731881 79.73684478964776
 114.2103813590196 47.75922795564167
 165.8665316293371 39.14986957725541
 227.3619486178103 40.37977791702487
 261.7993821313553 58.82840301356685
 280.2480072278973 85.88638648849508
 290.087273946053 98.18546988618974
 293.7769989653614 127.7032700406569
 298.6966323244393 170.7500619325882
 293.7769989653614 218.7164871835973
 288.8573656062836 245.7744706585255
 275.3283738688194 264.2230957550675
 271.6386488495111 290.0511708902263
 263.0292904711248 315.879246025385
 256.8797487722775 340.4774128207743
 242.1208486950439 366.3054879559331
 216.2927735598851 381.0643880331667


