# Created by Octave 4.0.3, Sun Mar 19 17:25:16 2017 PDT <davis@davis-Inspiron-15-7579>
# name: P2
# type: matrix
# rows: 30
# columns: 2
 985.3847926267281 474.7880184331797
 880.315668202765 441.6082949308756
 753.1267281105991 405.6635944700461
 675.7073732718893 386.3087557603686
 584.463133640553 372.4838709677418
 537.4585253456221 364.1889400921658
 501.5138248847927 314.4193548387096
 454.5092165898618 355.8940092165898
 371.5599078341014 372.4838709677418
 319.0253456221198 375.2488479262672
 285.8456221198156 355.8940092165898
 238.8410138248848 375.2488479262672
 191.8364055299539 372.4838709677418
 158.6566820276498 333.7741935483871
 147.5967741935484 372.4838709677418
 111.6520737327189 449.9032258064516
 197.3663594470046 402.8986175115207
 252.6658986175115 419.4884792626727
 252.6658986175115 438.8433179723502
 313.4953917050692 436.0783410138248
 413.0345622119815 463.7281105990783
 473.8640552995392 477.5529953917051
 418.5645161290323 502.4377880184331
 573.4032258064517 494.1428571428571
 617.6428571428571 510.7327188940092
 786.3064516129032 524.5576036866358
 877.5506912442397 502.4377880184331
 990.9147465437788 472.0230414746543
 990.9147465437788 474.7880184331797
 990.9147465437788 474.7880184331797


