# Created by Octave 4.0.3, Sun Mar 19 17:20:47 2017 PDT <davis@davis-Inspiron-15-7579>
# name: P2
# type: matrix
# rows: 30
# columns: 2
 298.6751152073732 299.2907834101382
 270.6566820276497 290.4428571428571
 250.0115207373271 269.7976958525346
 238.2142857142857 246.2032258064516
 232.3156682027649 229.9820276497695
 228.7624678920506 201.5688194282283
 219.3685992594322 194.7369149681422
 217.6606231444107 172.5332254728625
 204.8508022817493 132.3957867698568
 215.9526470293892 128.125846482303
 221.9305634319645 96.52828835440496
 228.7624678920506 71.76263468659297
 269.7538946525669 38.45710044367341
 300.4974647229542 29.91721986856582
 351.7367481735997 39.31108850118416
 383.3343063014978 65.78471828401769
 397.8521032791807 82.01049137672209
 402.9760316242452 107.6301331020448
 406.3919838542883 136.6657270574106
 413.2238883143743 139.2276912299429
 409.8079360843313 171.6792374153517
 397.8521032791807 201.5688194282283
 386.7502585315408 207.5467358308036
 385.8962704740301 226.3344730960403
 379.9183540714548 246.8301864762984
 371.3784734963472 261.3479834539813
 358.5686526336858 270.7418520865997
 346.6128198285352 286.9676251793041
 326.117106448277 296.3614938119224
 310.7453214130833 298.069469926944


