# Created by Octave 4.0.3, Sun Mar 19 20:26:43 2017 PDT <davis@davis-Inspiron-15-7579>
# name: P1
# type: matrix
# rows: 30
# columns: 2
 83.45348050818797 20.82945268344517
 71.58448867204478 21.43811893145251
 49.67250374378042 2.873798367228552
 51.80283561180613 36.65477513163609
 58.80249746389057 66.17508815999221
 58.80249746389057 101.4777305444181
 89.84447611226506 153.8230278730496
 96.23547171634215 218.6459832858316
 82.23614801217326 228.9933095019564
 98.36580358436785 242.6883000821217
 119.3647891406212 243.9056325781364
 141.8854403168929 190.3430027534902
 166.5364233611903 212.5593208057582
 159.2324283851021 222.2979807738757
 177.1880827013188 239.3406357180813
 242.6197043621081 239.0363025940776
 252.0540312062219 222.6023138978794
 347.6146321433747 234.4713057340226
 396.0035988599585 250.9052944302208
 396.9165982319694 233.8626394860152
 339.3976377952756 219.8633157818463
 255.0973624462586 197.0383314815709
 245.3587024781411 171.4743490652625
 211.5777257137336 116.0857204965943
 172.9274189652673 82.60907685619048
 131.538114100768 74.08774938408767
 110.5391285445147 62.82742379595183
 116.0171247765808 5.308463359257924
 94.71380609632379 20.82945268344517
 87.71414424423935 21.74245205545618


