# Created by Octave 4.0.3, Sun Mar 19 20:27:29 2017 PDT <davis@davis-Inspiron-15-7579>
# name: P2
# type: matrix
# rows: 30
# columns: 2
 544.5703347664364 140.7830781121685
 501.0941741944832 133.5370513501764
 376.4625138882179 58.17837302545779
 399.6497995265929 216.1417564368872
 388.0561567074053 332.078184628762
 431.5323172793585 421.9289164774649
 515.5862277184676 707.4223708999566
 502.5433795468819 1050.884039418386
 448.9227815081397 1103.055432104729
 605.4369595671706 1143.633181971886
 699.6353074730689 1147.980798029081
 731.5178252258345 1065.37609294237
 798.1812714361624 1081.317351818753
 844.5558427129124 1127.691923095503
 1050.34300275349 1090.012583933143
 1079.327109801459 1046.53642336119
 1157.584198830974 1010.306289551229
 1251.782546736873 963.9317182744794
 1277.868243080045 945.0920486932998
 1211.204796869716 917.5571469977297
 1098.166779382638 937.8460219313076
 1108.311216849428 810.3159509202454
 1037.300154581904 561.0526303077146
 960.4922709047871 419.030505772668
 783.689217912178 340.7734167431526
 725.7210038162407 277.0083812376214
 712.6781556446549 220.4893724940825
 734.4162359306313 136.4354620549732
 731.5178252258345 63.97519443505153
 615.5813970339598 133.5370513501764


